P	C	A	G	I	L	V	M	F	W	P	C	S	T	Y	N	Q	H	K	R	D	E	
1	M	-1	-3	1	2	1	6	0	-2	-3	-2	-2	-1	-1	-2	0	-2	-1	-1	-3	-2	
2	G	0	6	-4	-4	-3	-3	-3	-3	-2	-3	0	-2	-3	0	-2	-2	-2	-2	-1	-2	
3	F	-2	-4	0	2	0	1	6	0	-4	-2	-3	-2	2	-3	-3	-2	-3	-3	-4	-3	
4	W	-3	-3	-3	-2	-3	-2	1	11	-4	-3	-3	-3	2	-4	-2	-3	-3	-3	-5	-3	
5	I	2	-2	3	2	2	1	-1	-3	-2	-1	-1	-1	-2	-3	-2	-3	-2	-2	-3	-2	
6	L	-1	-4	3	3	1	3	0	-2	-3	-2	-2	0	-1	-3	-2	-3	-3	-3	-3	-3	
7	A	2	-1	0	2	1	0	-1	-3	-2	-1	1	0	-2	-2	-1	-2	-1	-2	-2	-2	
8	I	-1	-3	2	0	1	0	-2	-3	-2	-2	0	3	-2	-1	-1	-2	-1	2	-2	-2	
9	L	1	-3	1	3	0	2	0	-2	-2	-1	-1	1	-2	-2	-2	-3	-2	-2	-3	-2	
10	T	2	-2	-1	-2	-1	-1	-3	-3	-2	5	1	4	-2	-1	-1	-2	-1	-2	-2	-2	
11	I	-1	-3	2	2	1	3	-1	-3	-2	-2	-1	1	-2	-2	-1	-2	1	-1	-3	-2	
12	L	0	-3	1	3	1	1	-1	-3	3	4	-2	-1	-2	-3	-2	-3	-2	-3	-3	-3	
13	M	-1	-3	2	2	1	5	-1	-2	-3	-2	-1	1	-2	-2	1	-2	-1	0	-3	-2	
14	Y	1	-3	1	0	3	0	0	-1	1	-2	-1	-1	4	-3	-2	-1	-2	-3	-3	-2	
15	S	1	-1	-1	-1	-1	-1	1	-2	-2	-2	2	2	-1	-1	0	-1	1	2	-1	-1	
16	T	0	1	-1	-2	-1	-2	-3	-3	4	-2	1	1	-3	-1	-1	-2	-1	-2	-1	1	
17	A	2	1	-1	-2	0	-1	-3	-3	4	-2	0	0	-2	-2	-1	-2	0	-2	-2	-1	
18	A	2	-1	-1	1	-1	-1	-2	-3	4	-1	1	1	-2	-1	-1	-2	-1	-2	-2	-1	
19	K	-1	1	-3	-3	-3	-2	-4	-3	0	-3	-1	0	-2	-1	1	-1	4	3	-1	1	
20	F	0	1	1	0	0	0	4	-1	-3	-2	-2	-2	1	-2	-2	3	-2	-2	-3	-1	
21	S	1	-2	0	0	1	-1	-2	-3	2	-2	1	0	-2	-1	0	-2	0	2	-2	0	
22	K	0	-2	-2	-3	-1	-2	-3	-3	2	-3	2	0	-2	-1	2	-1	3	0	-1	1	
23	Q	-1	-2	-3	-3	-3	-2	-4	-3	-2	-3	1	0	-2	-1	5	-1	2	2	-1	2	
24	S	1	-1	0	-1	1	-1	-2	-3	0	-1	3	1	-2	-1	-1	-2	-1	-1	-1	1	
25	W	-2	-3	-2	0	-2	-1	2	9	-3	-3	-2	-2	2	-2	1	3	0	-1	-2	0	
26	G	0	4	-1	-2	1	-2	-3	-3	-2	-2	1	-1	-2	1	-1	-2	-1	1	-1	-2	
27	L	0	-4	2	4	2	1	-1	-3	-4	-2	-3	-2	-2	-4	-3	-4	-3	-3	-5	-4	
28	E	0	-3	-3	-4	0	-3	-4	-4	2	-4	-1	0	-3	-2	0	1	-1	-2	-1	6	
29	N	-2	4	-4	-2	-1	-3	-4	-5	-4	-4	-1	-2	-4	5	-2	0	-2	-3	2	-2	
30	E	-2	-2	-5	-4	-4	-3	-5	-4	-3	-5	0	0	-4	1	2	-2	0	0	2	5	
31	A	1	-3	0	-2	-2	-3	-4	-5	6	-3	2	1	-4	-2	-2	-3	-2	-1	-1	-2	
32	L	1	-3	1	3	2	0	2	-3	0	-2	-2	-2	-1	-3	-3	-3	-3	-3	0	-3	
33	I	0	-3	2	1	1	0	-1	-3	-3	-2	-1	0	0	0	-1	-2	0	1	0	0	
34	V	-1	-5	2	4	2	0	0	-3	-4	-3	-3	-2	-2	-4	-3	-4	-3	0	-5	-4	
35	R	-2	-3	-4	-4	-4	-3	-4	-4	2	-4	0	0	-3	0	0	2	3	4	0	1	
36	C	-1	-5	-4	-4	-4	-4	-5	-5	-6	11	-4	-4	-5	-6	-6	-6	-6	-6	-6	-7	
37	P	0	-3	-3	-3	-2	-3	-4	-4	6	-3	0	-1	-3	-2	-2	-3	0	0	-2	1	
38	R	2	-1	-1	1	0	-1	0	-2	-1	0	0	1	0	-1	2	-2	-1	1	-2	-1	
39	Q	1	-2	0	0	-1	-1	-1	3	-1	-2	2	1	-1	-1	1	1	0	1	-2	0	
40	G	0	5	-4	-2	-2	-3	-4	-4	1	-4	-1	-1	-3	1	0	2	-2	1	-1	-2	
41	K	-1	0	-2	-2	0	-2	0	-3	-2	-3	2	2	-2	2	-1	0	2	0	1	0	
42	P	-1	-2	-2	-3	-3	-3	-4	-5	6	-4	1	-2	-4	-2	-2	0	-1	-3	2	0	
43	S	0	0	-1	-1	1	2	-2	-3	1	-2	1	2	-2	-1	-1	-1	0	1	-1	-2	
44	Y	0	-2	1	-1	0	-2	-3	-4	6	-3	1	-2	0	-1	0	2	-2	-3	-1	-2	
45	T	-1	-1	-3	-1	-1	-1	-4	-4	0	-3	2	4	-3	1	2	-2	-1	0	0	0	
46	V	-3	-5	5	2	4	1	-2	-4	-4	-3	-4	-2	1	-5	-4	-4	-2	-4	-5	-4	
47	D	-2	-3	0	-3	-1	-2	-1	3	-3	-3	1	3	-2	2	1	1	0	1	-1	1	
48	W	-6	-6	-1	-5	-6	-5	-3	13	-7	-6	-6	-6	-1	-7	-6	-6	-7	-6	-8	-7	
49	Y	-2	-3	0	1	-2	1	3	-1	-3	-3	-1	-2	6	-3	0	2	-1	-2	-3	0	
50	Y	-1	-2	-2	-2	-2	0	0	3	-1	-2	-1	-1	1	-1	1	2	3	2	0	-1	
51	S	0	0	-1	-1	-1	-1	-2	-2	-1	-2	2	2	-2	3	0	-1	-1	0	1	-1	
52	Q	0	-2	-2	-1	-2	-1	-2	-2	1	-2	0	0	-2	1	2	2	1	1	2	0	
53	T	0	0	-2	-2	-2	-2	-3	3	0	-2	2	2	-2	0	2	-1	0	-1	0	1	
54	N	-1	2	-4	-4	-3	-3	-3	-3	-2	-4	0	-2	0	2	0	2	3	2	1	1	
55	K	-2	0	-1	-1	-1	-2	-3	-4	-2	-3	1	1	-3	1	1	-2	1	2	3	1	
56	S	-1	3	-4	-2	-3	-1	-4	-4	4	-4	1	-1	-4	0	-1	-2	0	1	1	1	
57	I	-1	-1	3	2	3	0	-2	-4	-1	-2	-1	-2	-3	-3	-1	-4	-3	-3	-3	-1	
58	P	0	-2	-2	-4	-3	-3	-4	-5	6	-4	2	1	-4	1	0	-1	-1	-3	-3	-2	
59	T	0	1	1	2	-1	-1	-2	-3	2	-3	-1	1	-3	1	-2	-3	-1	-2	0	-2	
60	Q	1	-1	-2	-2	-2	-2	-4	-4	-1	-3	1	-1	-3	2	2	2	-1	1	2	2	
61	E	0	-3	-2	-3	0	-2	0	-3	1	-3	2	-1	0	-1	0	0	0	0	2	3	
62	R	-1	-1	-1	-3	-3	-2	-3	-4	-1	-3	1	-1	-2	1	1	4	0	4	1	1	
63	N	-2	0	1	-1	0	0	-1	-4	1	-3	2	0	-3	5	-2	-2	-2	-1	-2	-2	
64	R	-3	-4	-2	-4	-2	-4	-5	-5	-4	-5	0	-3	-1	0	1	-3	0	7	-3	0	
65	V	-2	-5	4	0	4	2	-1	-4	-1	-3	-2	3	-3	-1	-3	-4	-3	-2	-4	-4	
66	F	-1	-3	0	2	0	1	1	3	-3	-3	0	1	0	-1	-2	4	-2	1	-1	-1	
67	A	0	-1	1	-1	1	-1	0	-3	1	-3	-2	-1	-2	-1	3	2	0	-2	0	0	
68	S	0	-1	0	-2	-2	-2	-3	-4	-2	-3	2	0	-3	1	2	2	0	-1	2	2	
69	G	0	4	-4	-4	-4	-3	-4	-4	-3	-4	-1	-1	-4	1	1	-2	1	1	2	1	
70	Q	0	2	-3	-2	-3	-2	-4	-4	-1	2	0	2	-3	0	1	0	0	0	2	2	
71	L	0	-1	1	1	1	1	-1	4	-3	-3	-2	1	1	-1	-1	0	-1	-1	-1	1	
72	L	-3	-6	3	5	1	2	-2	-4	-5	-3	-2	-3	-3	-5	-4	-5	-5	-4	-6	-5	
73	K	-2	-3	-3	0	0	-2	-3	7	-3	-4	-2	0	-2	-2	3	2	1	2	-1	2	
74	F	-4	-5	5	0	1	-1	7	-2	-5	-4	-4	-3	-1	-5	-5	-4	-5	-5	-5	-5	
75	L	-1	-3	1	2	1	-1	-2	3	-3	-3	0	0	-2	-1	1	1	0	2	-3	-2	
76	P	-1	-2	-5	-5	-4	-4	-5	-6	6	-5	1	0	-5	3	-2	-3	0	-1	2	-1	
77	A	3	-1	0	0	3	0	-3	-4	1	-2	0	1	-3	-3	-3	-4	-3	-3	-4	-3	
78	A	0	-1	-1	0	0	-1	-3	-3	-2	-3	1	2	-3	-1	2	-2	1	-1	-2	2	
79	V	-1	-3	-1	2	2	1	-2	1	3	-3	-1	1	0	-3	2	-2	-2	-1	-3	0	
80	A	1	-2	-4	-4	-3	-3	-4	-4	-3	-4	1	-2	-3	2	2	1	1	1	2	3	
81	D	-5	-4	-6	-7	-6	-6	-7	-7	-5	-7	-2	-4	-6	1	-3	0	-4	-5	8	-2	
82	S	0	-3	-1	-4	-2	-3	-4	-5	-3	-3	5	2	-1	0	-2	-3	-1	-1	-3	-1	
83	G	-1	7	-7	-7	-6	-6	-6	2	-5	-6	-3	-5	-6	-3	-5	-5	-5	-5	-4	-5	
84	I	-2	-3	2	2	1	2	0	-3	-3	-3	0	2	0	1	-2	0	-2	-1	-3	-2	
85	Y	-5	-7	-5	-5	-5	-5	0	-1	-7	-6	-5	-5	10	-6	-5	-2	-6	-5	-7	-6	
86	T	1	-3	2	0	-1	-2	-1	-3	-3	-3	2	3	1	-2	1	-3	-2	-1	-3	-2	
87	C	-4	-6	-5	-5	-4	-5	-1	-6	-7	11	-2	-4	-6	-6	-7	-7	-7	-7	-7	-7	
88	I	-2	-3	2	0	4	4	-1	-4	-4	-3	-1	1	-2	-3	0	1	-2	1	-4	-2	
89	V	3	-3	2	1	2	1	-1	-4	-3	-2	-1	1	-3	-3	-3	-1	-3	-3	-4	-3	
90	R	-1	0	-3	-3	-3	-3	-4	-4	-3	-4	1	2	-3	0	0	-1	3	5	-2	0	
91	S	-2	0	-4	-4	-3	-3	-4	-4	-3	-3	2	-2	-3	6	-2	0	-1	0	1	-2	
92	P	1	-1	-3	-2	-2	-2	-2	-3	4	-3	2	1	-2	0	-1	-2	0	-1	0	0	
93	T	1	-1	-2	-1	-1	1	-2	-3	-2	-2	2	2	0	0	1	2	-1	0	-1	-1	
94	F	-1	2	-1	-2	-2	0	2	-1	-2	-3	1	-2	4	-1	-1	2	-2	0	1	-2	
95	N	-2	-2	-2	-2	-2	0	0	-4	-4	7	1	1	-3	4	1	-3	-3	-2	-3	-2	
96	R	0	-2	-2	-1	-1	1	-2	2	-2	-3	0	0	1	-1	0	2	1	1	2	1	
97	T	0	-3	-2	-2	0	1	-3	-3	-3	2	0	3	1	-2	1	0	2	1	-3	-1	
98	G	0	3	0	-1	2	2	-1	0	-3	3	-1	0	-2	0	1	-3	-1	-2	-2	-2	
99	Y	1	-2	-1	-1	-1	0	-1	-2	-2	-2	2	-1	3	0	0	2	1	0	-1	1	
100	A	0	-1	2	1	2	1	3	2	-2	-1	-2	1	0	-3	-2	-2	-1	-2	-3	-3	
101	N	-1	0	-2	-3	-2	0	-4	-4	0	-3	2	2	-3	4	0	-2	0	-1	-1	1	
102	V	-1	-4	2	3	4	1	-1	-3	-3	-3	-3	-1	0	-2	-3	-3	-2	-3	-4	-1	
103	T	-1	-3	-2	-1	0	-2	-3	-4	-3	-3	0	4	-3	2	1	1	0	-1	-2	0	
104	I	-3	-5	3	-1	6	-2	-1	-5	-4	-3	-2	-2	-3	-4	-3	-4	-2	-4	-4	2	
105	Y	-1	-2	1	0	2	-1	2	-2	-2	-2	-1	0	3	-2	-1	1	-2	0	-1	-1	
106	K	0	-1	-3	-2	-2	-2	-3	-3	1	-3	0	-1	-3	0	1	-1	2	2	2	2	
107	K	0	-1	-1	-1	-2	-2	-2	-3	1	-3	0	-1	-1	2	0	-1	3	1	0	1	
108	Q	0	-1	0	-1	-1	-2	-1	-3	1	-3	0	-1	-2	2	1	2	0	-1	2	1	
109	S	0	-2	-3	-2	-1	-2	-1	-3	3	-3	3	2	-3	0	-1	-2	0	0	-2	0	
110	D	-1	0	-1	-2	-2	0	-3	-3	1	2	0	0	-2	2	0	1	0	-1	3	2	
111	C	1	0	0	0	0	-1	0	0	0	3	1	-1	-2	1	-1	-2	-2	-2	0	-2	
112	N	-2	0	-3	-2	-3	-3	-1	-4	-3	4	2	1	-3	5	-2	0	-1	-2	0	-1	
113	V	-1	-2	1	0	2	-1	2	-2	0	2	0	-1	2	-1	-1	-1	0	-2	-1	-2	
114	P	-3	-2	-4	-4	-2	1	-2	-5	7	-4	0	-1	-4	1	-2	0	-1	-3	-1	0	
115	D	0	0	-3	-3	-1	1	-3	-4	0	-3	1	0	-3	2	0	-2	0	1	3	1	
116	Y	-1	-3	-2	0	0	-1	2	3	-2	-3	-1	0	3	-2	0	1	2	2	-2	-2	
117	L	-1	-2	1	2	1	3	-2	-1	0	-1	-1	-1	-2	-3	0	0	0	-1	-3	1	
118	M	-2	-3	0	0	1	1	-1	-2	2	-1	0	0	3	-2	0	0	0	1	-1	1	
119	Y	-2	-2	1	-2	0	0	1	5	-2	1	-2	0	5	0	-1	1	1	-2	-1	-1	
120	S	0	-1	-2	-1	-1	-2	-1	-4	2	-3	2	2	-2	0	0	0	1	-2	0	0	
121	T	-1	-2	-1	-1	0	-2	-3	-4	1	-3	0	2	-3	1	3	0	1	0	-2	1	
122	V	0	-2	3	1	2	0	-2	-3	-1	-2	-1	0	0	-2	-1	-3	0	-1	0	-2	
123	S	1	0	-1	0	0	-1	-1	0	0	-2	2	0	0	-1	0	-1	-1	0	0	0	
124	G	0	1	0	-1	0	-1	-2	-3	1	1	0	0	-2	0	0	0	1	-1	-1	2	
125	S	0	-1	0	1	1	1	-1	-3	0	-2	1	0	-2	-2	-1	-2	-2	-1	-1	1	
126	E	1	1	-3	-2	-2	-2	-3	-3	0	-2	1	1	-1	0	1	0	0	0	0	2	
127	K	0	1	-3	-3	-3	-2	-3	-3	-2	-3	1	0	-3	-1	1	0	4	2	-2	1	
128	N	-2	1	-1	-2	-2	-2	0	-4	-3	-3	2	3	-3	2	-2	-2	-2	-1	3	-1	
129	S	0	2	-1	-1	1	-2	0	-3	-2	0	0	0	-2	0	1	0	1	0	0	-1	
130	K	0	-2	-2	-1	0	-2	-3	-4	0	-3	2	0	-2	0	0	1	3	1	0	1	
131	I	-2	-1	4	3	1	2	2	-3	-4	-3	-2	-2	-2	-4	-3	-4	-4	-4	-4	-3	
132	Y	-1	-3	-1	-1	1	-2	-2	-2	0	-3	1	2	3	-1	0	1	0	1	-1	-1	
133	C	-3	-5	-1	0	-3	-3	-1	-5	0	10	-2	-3	-4	-5	-5	-5	-5	-2	-5	-5	
134	P	-3	-2	-2	-2	-4	-4	-5	-5	7	-4	-3	-3	-4	-1	0	2	0	-1	-2	0	
135	T	1	-2	-1	-2	-1	-2	-2	-3	0	4	1	1	0	2	-1	-2	-2	-2	2	0	
136	I	0	-1	2	1	1	2	-1	-2	-1	1	0	-1	-2	-1	0	-2	-1	-1	-2	-2	
137	D	-1	2	-3	-3	-2	-3	-3	-4	1	1	0	1	-1	1	0	1	0	-2	2	2	
138	L	0	0	0	0	1	-1	1	3	-1	1	-1	0	1	-1	0	-1	0	0	0	0	
139	Y	0	-1	-3	-2	-2	-2	3	-1	2	-3	0	-2	4	-2	1	2	-1	0	-1	0	
140	N	0	1	-3	-3	-3	-3	-2	-4	-3	-1	2	1	-1	3	-1	-2	1	1	1	1	
141	W	-1	-3	-2	0	1	-2	1	6	4	-3	-2	0	1	-1	0	-2	-2	-1	-3	1	
142	T	-1	-1	-1	0	-1	-1	-3	-4	2	-3	0	2	-3	0	-1	0	1	-1	0	1	
143	A	2	1	-3	-3	-2	1	-2	-4	5	-3	0	-1	-3	-1	1	-3	-1	-2	-3	-2	
144	P	-1	-3	-3	-3	-2	-3	-4	-4	5	-3	2	2	-3	-1	0	-3	1	-2	1	1	
145	L	-2	-2	4	2	3	3	1	-4	-4	-3	-3	0	-2	-4	-1	-4	-3	-2	-4	-4	
146	E	-1	-3	0	0	0	-2	-3	1	-3	-3	0	3	-2	-2	3	0	1	1	-2	1	
147	W	-2	-6	-6	-1	-6	-5	-3	12	-1	-6	-6	-6	-2	-7	-5	-6	-6	-6	-7	-1	
148	F	-2	-2	-2	2	-3	-2	3	-1	-4	-4	-1	-2	7	-4	-3	-1	-4	-4	-2	-4	
149	K	-3	-2	-5	-5	-5	-1	-5	-5	-4	-6	-3	-1	-4	-3	-1	0	7	3	0	-2	
150	N	-3	3	-5	-5	-5	-4	-5	-5	-4	-5	0	-2	-4	5	-1	1	-2	-1	3	1	
151	C	0	3	-2	-2	-1	-3	-2	-4	-4	7	-1	-1	-4	0	-1	-3	-1	-3	-3	-1	
152	Q	-2	-1	-1	-2	-2	0	-3	-4	-3	-4	0	0	-1	0	2	0	3	3	-2	2	
153	A	0	-3	-1	1	1	-1	-3	-4	3	-3	0	0	-1	-2	1	-2	0	1	-2	2	
154	L	-3	-5	4	4	0	0	3	-3	-2	-3	-3	-2	-2	-4	-2	-4	-1	-3	-2	-4	
155	Q	-2	0	-3	-2	-2	-1	-4	-4	0	-4	1	-1	-3	0	3	-2	2	2	2	1	
156	G	-1	3	-3	-2	-1	-2	-3	1	-2	-3	1	-1	-3	3	-1	-2	0	0	2	0	
157	S	0	0	-2	-3	-2	-2	1	-2	1	-3	2	-1	2	0	-1	0	1	-1	0	0	
158	R	-1	-3	-4	-3	-3	-3	-4	-4	-3	-4	1	0	-3	1	-1	3	3	5	-2	-1	
159	Y	-2	-3	1	1	2	-1	4	2	-3	-2	-2	-1	3	-1	-2	2	-1	-1	-3	0	
160	R	-2	-1	0	0	-1	-1	-1	-3	-2	0	0	1	-2	-1	1	-2	1	4	-2	1	
161	A	0	0	0	0	1	1	-2	-2	1	-2	0	1	0	1	1	0	-1	0	-2	-1	
162	H	0	-1	-3	-2	-1	-2	-2	-3	0	-3	0	0	-2	2	3	4	0	0	0	1	
163	K	-1	2	-1	-2	-2	0	-3	-4	0	-3	-1	1	-2	0	1	2	3	0	0	-1	
164	S	-1	1	-3	-3	-2	0	-2	6	-3	-3	2	2	0	3	-2	-2	0	-2	1	-1	
165	F	-1	-3	0	-1	0	-2	3	-3	1	-3	1	2	0	-1	-2	1	0	1	-3	-2	
166	L	-4	-6	2	6	-1	0	0	-4	-5	-4	-5	-1	-3	-5	-4	-5	-5	-2	-6	-5	
167	V	-2	-4	4	2	1	0	-1	-4	-4	-3	-2	-1	-2	-3	1	-3	0	1	-3	0	
168	I	-3	-5	5	2	3	5	1	-3	-4	-3	-3	-2	-2	-4	-3	-4	-2	-4	-4	-4	
169	D	-1	-2	-3	-2	-3	0	-2	-3	1	-3	1	0	-2	1	1	1	1	1	2	2	
170	N	-2	-1	-4	-2	-4	-3	-4	-4	0	-4	2	-1	-3	5	0	-2	0	-2	3	1	
171	V	1	-5	2	-2	6	-2	-1	-5	-1	-3	-3	-1	-3	-5	-4	-5	-4	-5	-5	-4	
172	M	0	-3	-1	-1	1	-1	-2	-3	-2	-3	2	1	0	0	1	-2	0	1	-1	2	
173	T	1	-3	-1	-1	1	1	0	-4	3	-3	-1	0	-2	-2	-1	0	0	0	0	1	
174	E	0	-1	-4	-4	-3	-4	-2	-4	-3	-4	3	-2	1	0	-1	-2	-1	-2	2	4	
175	D	-5	-4	-6	-7	-6	-6	-6	-7	-4	-6	-3	-4	-5	2	-3	3	-3	-4	8	-1	
176	A	2	1	0	-3	-1	-2	-3	-4	-2	-3	1	0	-3	1	1	-2	1	1	0	1	
177	G	-3	7	-7	-6	-6	-5	-6	-5	-5	-5	-3	-1	-6	-3	-5	-5	-4	-5	-4	-5	
178	D	-3	-3	-2	0	-3	0	-2	-3	-3	-4	0	0	3	4	-2	-1	0	1	2	-1	
179	Y	-5	-7	-5	-4	-5	-4	2	-1	-6	-6	-5	-5	10	-6	-5	-2	-5	-5	-7	-5	
180	T	0	-2	-2	-3	0	-3	-4	-5	-3	-3	1	6	-4	-2	1	-3	-1	1	-3	-1	
181	C	-4	-6	-1	-5	-4	-5	-6	-6	-6	11	-4	-4	-6	-6	-7	-7	-7	-7	-7	-7	
182	K	-1	-2	0	0	2	1	-2	-2	-1	-2	0	0	-1	-1	1	0	1	1	0	1	
183	F	1	-3	2	2	2	2	2	-2	-3	-2	-2	-1	1	-3	-2	0	-2	-3	-3	-3	
184	I	1	-1	1	-1	2	0	-1	-3	-2	-2	1	2	-2	-2	-1	-2	0	0	-2	-1	
185	H	0	-1	0	0	-1	-1	2	-1	-2	-3	0	-2	4	-2	1	1	-2	-2	-2	2	
186	N	-1	0	-2	-2	-2	-2	-3	-3	0	-3	0	2	-2	5	-1	2	0	0	-1	-1	
187	E	-2	0	-4	-4	-4	-3	1	-3	-3	-4	0	-2	3	0	1	4	0	0	1	4	
188	N	-1	-1	-2	-1	0	1	1	-2	-3	-3	0	-1	3	4	-1	1	0	-1	-1	0	
189	G	-2	6	-3	-1	0	-3	-4	-4	-4	-4	-2	-1	-4	-2	-3	-4	-3	-1	-2	-4	
190	A	0	-2	0	-1	0	-1	-2	-2	0	-2	1	0	-2	-1	1	-1	2	2	-1	1	
191	N	0	0	-1	-1	-1	-1	0	-2	-1	-2	0	1	-1	1	2	0	0	2	1	0	
192	Y	-2	-1	-1	-1	-2	-1	3	5	-2	-2	-2	-2	5	-2	-1	1	1	1	-2	-2	
193	S	-1	-2	-1	-1	-2	0	-2	-3	1	-2	2	2	-2	3	-1	2	0	-1	0	0	
194	V	0	-2	4	1	3	0	-2	-3	-3	-2	-2	1	-2	-3	-1	0	-3	-3	-4	-3	
195	T	-2	-3	-3	-2	-2	-2	-3	-3	-3	-3	1	4	2	3	-1	-2	0	2	-1	1	
196	A	1	-2	-1	0	-1	-2	-3	-4	-3	-3	1	0	-2	1	0	4	1	3	-2	0	
197	T	-2	-1	0	-2	1	-2	-3	-4	-1	-3	1	5	0	0	0	-3	-1	-3	-3	-2	
198	R	0	0	2	0	2	0	0	-2	0	-3	-2	-2	3	-3	-2	-2	0	0	-3	-3	
199	S	0	-2	0	-2	0	-2	-3	-3	-2	-3	1	3	-2	1	2	3	0	0	0	1	
200	F	0	-2	2	3	3	0	3	-2	-3	-2	-3	-2	-1	-4	-3	-3	-3	-2	-4	-3	
201	T	-1	-2	0	-1	-1	-2	-3	-3	1	-3	1	2	-3	1	0	-2	0	0	2	0	
202	V	-2	-5	3	2	5	-1	-2	-4	-1	-3	-3	1	-3	-4	-4	0	-4	-4	-5	-4	
203	K	-1	0	1	0	2	-1	-2	-3	-2	-2	-1	1	-2	0	0	0	2	1	-2	0	
204	D	-2	0	-1	-3	-2	-3	-1	-3	0	-4	-1	-1	0	-1	-1	-2	1	-2	3	4	
205	E	0	-1	-2	-2	0	-2	-3	-3	-2	-3	0	0	-2	-1	1	1	2	3	1	2	
206	Q	-1	-1	-1	-1	-2	0	-3	-3	3	-2	2	0	-2	0	1	-2	1	0	0	1	
207	G	-1	2	-3	-2	-2	-2	-3	-3	4	-3	1	-1	-1	-1	-1	-2	2	-1	1	0	
208	F	-1	0	0	-1	-1	-1	2	-1	1	-2	0	-1	1	0	-1	4	0	0	0	0	
209	S	1	0	-2	-1	-1	-1	-2	-3	1	-2	1	2	-2	1	-1	-2	0	2	0	-1	
210	L	-1	-3	1	2	1	0	-1	-2	3	-2	-1	0	0	-2	0	-2	-1	1	-2	-2	
211	F	0	-2	2	0	1	-1	1	-2	3	-2	-1	0	0	-2	-1	-2	0	0	-2	-1	
212	P	-3	-4	-3	1	-3	-3	-4	-4	8	-4	-3	-3	-4	-4	-3	1	-3	-4	-3	-3	
213	V	-1	-3	1	-1	3	1	-2	-3	-2	-2	-1	0	-2	1	3	1	0	-1	-1	-1	
214	I	1	-3	4	1	0	1	2	-2	0	-2	-2	-2	-1	-3	-2	-3	-2	-3	-3	-2	
215	G	-1	2	0	1	0	0	-1	-2	0	-2	0	1	0	0	0	0	-1	-2	-2	-1	
216	A	0	2	0	1	-1	-1	-1	2	-2	-2	2	0	0	0	0	-2	-1	-2	-1	-1	
217	P	-2	-3	-2	-4	-4	-4	-5	-5	7	-4	0	-2	-4	-3	-3	-3	-3	-3	1	0	
218	A	2	-1	-2	-1	-1	-2	-3	-3	2	-2	2	1	-2	1	0	-2	1	-1	-1	0	
219	Q	-1	-2	-3	-2	-2	-2	-3	-3	3	0	0	0	-1	3	1	0	0	0	1	2	
220	N	-1	-1	-2	-1	-1	0	-2	-2	-1	-2	1	0	-1	2	1	3	0	0	1	1	
221	E	-1	-2	-1	0	0	-1	-2	-2	1	-2	1	1	-1	-1	1	2	0	-1	0	2	
222	I	0	-1	1	1	3	0	-1	-2	-2	-2	0	2	-2	-2	0	-2	-2	-2	-2	-1	
223	K	0	-1	1	0	0	1	-1	-2	0	-2	0	0	1	-1	2	-1	0	-1	-1	1	
224	E	-1	-1	-2	-3	0	-2	-3	-3	0	3	1	1	-3	-1	0	-2	-1	-1	2	4	
225	V	1	-3	1	0	4	2	-2	-3	0	-2	-1	1	-2	-3	-2	-3	0	-2	-3	-2	
226	E	0	-2	-1	-2	0	-1	-3	-3	0	-2	1	1	-2	0	2	-1	-1	-1	1	3	
227	I	-1	-3	2	3	3	0	1	-2	1	-2	-2	-2	-1	-3	-3	-3	-3	-3	-3	-3	
228	G	-2	6	-4	-4	-4	-4	-4	-4	-3	-4	-2	-3	-4	2	-3	-3	-3	-3	0	-3	
229	K	0	0	-3	-2	-3	-2	-3	-4	-2	-3	3	0	-3	0	1	-2	2	1	0	1	
230	N	-1	-2	-3	-3	-3	0	-2	-4	2	-3	1	2	-3	4	0	-2	0	0	2	2	
231	A	2	-3	1	3	3	0	-2	-4	-3	-2	-1	-2	-2	-4	-3	1	-3	-2	-4	-3	
232	N	0	-2	0	-2	-1	-2	-3	-4	-3	-3	1	3	-3	3	1	-2	-1	-1	0	2	
233	L	-2	-5	3	4	3	0	3	-3	-4	-3	-1	-2	-1	-4	-4	-4	-4	-4	-5	-4	
234	T	0	-2	-1	-2	0	0	-3	-4	3	-3	1	2	-3	2	1	0	-1	-2	0	0	
235	C	-1	-5	-3	-1	-1	-4	-5	-5	-6	11	-4	-4	-5	-5	-6	-6	-6	-6	-6	-6	
236	S	-1	-2	-1	-2	-2	-2	-3	-4	0	-3	2	1	-3	2	1	1	3	2	-2	-1	
237	A	4	-2	0	-2	4	-2	-3	-4	-3	-2	-1	-2	-3	-3	0	-3	-3	-3	-3	-3	
238	C	-2	-3	-2	-1	-1	0	3	2	-3	4	1	1	4	-2	-1	-2	-2	-1	-1	-2	
239	F	-1	0	-1	1	-1	-1	4	-1	1	-2	1	-1	1	-2	-2	1	-2	-2	0	-2	
240	G	0	3	-1	-3	-1	-2	-3	-3	-2	-2	1	0	-2	1	0	-2	-1	0	2	-1	
241	K	0	-2	-2	-1	-2	-2	2	-2	4	-3	0	1	1	-2	-1	-2	1	1	-1	-1	
242	G	0	2	-1	-2	-2	-2	-3	-3	2	-3	1	0	-2	0	2	1	-1	-1	0	1	
243	T	-1	2	-1	-2	-1	2	-3	-3	3	-3	0	1	-3	1	1	-2	-1	0	0	-1	
244	Q	-2	-2	-2	-1	-2	-2	-3	-3	2	1	0	1	-2	-1	2	4	-1	-1	2	1	
245	F	-1	-2	1	0	0	-1	3	3	2	-2	1	-1	0	0	-2	0	-2	-2	0	-2	
246	L	-1	-1	0	1	0	0	-1	-2	-2	-2	0	0	0	1	2	2	0	0	-1	-1	
247	A	1	-2	-3	-3	-2	-2	-3	6	5	-3	-1	0	-2	0	-1	-2	0	0	0	-1	
248	A	0	-2	1	1	1	1	-1	1	-2	2	0	1	-2	-1	0	1	-2	-2	0	0	
249	V	-1	-3	4	0	4	0	0	-3	-3	-2	-2	-1	-2	-3	-1	-3	0	0	-3	-3	
250	L	-2	-3	-2	-1	-2	0	1	6	-2	-3	0	0	4	-2	1	5	0	-1	-2	0	
251	W	-4	-5	1	-3	-2	-3	-1	12	-5	-4	-5	-4	0	-5	-4	-4	-5	-5	-5	-5	
252	Q	-1	-1	0	0	-1	2	1	-2	-2	-3	0	1	1	-1	1	2	0	0	-2	2	
253	L	0	-2	2	0	2	1	-1	4	-3	-3	-1	-2	-2	-3	1	-3	2	-1	-3	-2	
254	N	-3	1	-5	-5	-4	-4	-5	-5	0	-4	-1	-2	-4	6	-2	-2	1	0	3	-1	
255	G	-1	5	-5	-5	-4	-4	-4	-4	-3	-4	-1	-3	-4	1	-2	0	-1	-3	1	1	
256	T	-1	0	-2	0	-2	1	0	-3	0	-3	2	2	-2	-1	0	-2	2	0	-2	0	
257	K	-1	-3	-2	-1	-1	-2	1	-3	3	-1	-1	-2	1	-1	0	0	3	1	-1	1	
258	I	-2	-3	4	2	2	2	1	-2	0	0	-3	-2	3	-4	-3	-3	-2	-3	-4	-4	
259	T	-1	3	-2	-3	-2	-2	-1	-3	0	-3	1	1	-2	-1	-1	-2	0	-2	2	2	
260	D	-1	-2	-2	-3	-1	-3	-3	2	4	-3	1	-1	-3	1	-1	-2	-1	-2	4	2	
261	F	-1	0	-1	1	0	1	2	2	-2	-2	0	-1	1	-1	-1	1	-1	-2	2	0	
262	G	0	3	-2	-2	-2	-2	-2	1	0	-2	0	-1	0	1	-1	0	0	-1	2	0	
263	E	-1	-2	-2	0	-1	-1	-1	-2	-2	-2	1	-1	1	1	1	2	0	-1	3	2	
264	P	-1	0	-3	-3	-2	-3	0	-3	6	-3	-1	0	-1	-1	-1	-2	0	-2	0	-1	
265	R	-2	-1	-1	-2	-1	-2	-1	-2	-2	-3	1	-1	2	1	0	1	1	4	-1	-1	
266	I	-2	0	3	2	3	0	-1	-3	-1	-2	-2	0	-1	-3	-3	-3	-2	-3	-4	-3	
267	Q	-1	-3	-1	0	-2	-2	-3	2	-1	-3	-1	-1	-2	-1	4	3	0	3	0	0	
268	Q	-1	-3	1	-1	1	-2	-3	-4	0	-3	0	-1	-3	-1	1	-2	2	-1	0	4	
269	E	0	0	-3	-1	-2	-2	-3	-3	-2	-3	1	1	-1	-1	0	-2	0	-1	3	3	
270	E	1	-1	-1	-2	-1	-2	0	-3	-2	-3	1	0	-2	0	1	-1	1	1	1	3	
271	G	0	4	0	-2	-1	-2	0	4	-1	-3	-1	-1	-2	-2	-2	-2	0	-1	-1	0	
272	Q	-1	-2	1	0	2	0	-2	-3	1	-2	0	0	-2	0	2	0	0	1	-1	0	
273	N	-1	-1	-1	-2	-1	-1	-2	-2	-2	-3	1	0	1	3	1	1	1	1	-1	0	
274	Q	0	-2	0	0	1	0	-2	-3	-2	-2	0	2	-1	-1	1	3	0	0	-1	0	
275	S	-1	-2	-2	-1	-2	0	-3	-3	0	-2	3	3	0	1	0	2	0	1	-1	0	
276	F	-1	-3	0	1	0	0	3	2	-2	-2	0	0	2	-1	-1	-2	-1	-1	2	1	
277	S	0	-1	-2	-3	-3	-2	-3	-4	-1	-3	4	1	-2	-1	-1	3	2	2	-2	0	
278	N	-1	0	-3	-1	-1	-2	-1	-4	0	-3	-1	-1	-2	4	-1	0	0	-2	2	3	
279	G	-1	4	-1	-2	-1	0	-3	-3	-2	-3	-1	-1	-2	0	0	0	1	1	0	0	
280	L	-1	-2	1	0	1	1	-1	-2	-1	-2	-1	0	0	-1	0	-1	1	0	-1	2	
281	A	0	-1	0	0	0	-1	-1	2	-1	-2	0	0	1	1	1	0	0	0	0	0	
282	C	-1	-2	-1	-1	0	-1	-1	-1	0	3	0	2	1	0	0	2	-1	-1	-1	1	
283	L	0	-1	1	1	2	0	-1	-2	-2	-2	0	0	1	-2	-1	-1	-1	1	-2	-1	
284	D	0	-2	1	-2	0	-1	-2	-2	0	-2	1	2	-1	0	-1	-2	-1	-2	2	1	
285	M	0	-3	1	0	1	0	-2	-3	-2	-2	1	2	-2	-2	1	-2	1	-1	-2	1	
286	V	-1	-2	2	-1	3	-1	-1	-3	-1	-2	0	1	0	1	-2	-3	-2	-1	-3	-3	
287	L	-3	-6	2	6	1	0	-2	-4	-5	-3	-4	-3	-3	-5	-4	-5	-5	-4	-6	-5	
288	R	-1	-3	1	-2	0	-2	-2	-3	-3	-3	0	1	2	2	0	2	1	3	-2	-1	
289	I	-2	-2	4	1	2	1	4	-3	-4	-3	-3	-2	-1	-1	-3	-3	-4	-4	-4	-4	
290	A	0	-2	-2	-1	-1	-2	-3	-3	0	-2	1	1	-2	1	0	-2	1	2	2	1	
291	D	-2	0	-4	-3	-3	-3	-4	-4	2	-4	1	0	-3	3	1	-2	2	-1	2	2	
292	V	1	-4	2	0	5	-1	-3	-4	-4	-2	-1	1	-3	-4	-3	-4	-3	-4	-1	-3	
293	K	-1	0	-3	-3	-1	-2	-4	-4	0	-3	1	4	-3	-1	2	-2	3	-1	-2	1	
294	E	-1	-3	-2	-2	0	1	2	-3	0	-3	1	-1	-1	-1	1	1	0	1	1	3	
295	E	-1	-3	-2	-3	-2	-3	-1	-4	-3	-4	1	-1	-3	0	1	-2	1	1	-1	5	
296	D	-3	0	-4	-4	-4	-4	0	-4	-3	-4	0	-3	-1	2	-2	-3	-2	-3	7	-1	
297	L	-1	-2	0	3	0	0	1	-1	-1	-1	-1	-1	3	-2	-1	-1	-2	-1	0	-1	
298	L	2	2	-1	-1	-1	-1	-3	-3	-2	-2	1	0	-2	1	-1	0	0	1	-2	-1	
299	L	-1	3	0	0	0	0	-2	0	-2	-2	-1	0	0	-1	-1	1	-1	1	-2	-2	
300	Q	-2	-3	-3	-1	-1	-2	-3	-4	2	-3	0	0	-3	2	2	1	1	1	1	2	
301	Y	-2	-3	-1	0	-1	0	5	2	-3	-3	-2	-2	6	-3	-2	1	-3	-2	-4	-3	
302	D	-1	2	0	-2	0	0	-3	-3	-2	-2	1	3	-2	1	-1	-2	0	-1	0	-1	
303	C	1	-3	-2	-3	-2	-3	-4	-4	-4	10	-2	1	-4	-3	-4	-4	-4	-4	-4	-4	
304	L	-2	-3	0	1	1	1	4	-1	-3	-2	-1	0	3	-2	-2	3	-2	-1	-3	-2	
305	A	4	-2	-1	-2	2	-1	-3	-3	1	-1	0	2	-2	-2	-2	-3	-2	-2	-3	-2	
306	L	0	0	-1	0	-1	0	2	2	-2	3	0	0	-1	0	0	1	0	0	-2	0	
307	N	0	-1	-2	-2	-1	-1	-2	-2	-1	-2	2	2	0	3	0	4	0	-1	0	0	
308	L	0	-1	2	-1	2	-1	-1	-3	0	-2	1	2	-2	-2	-1	0	-1	-1	-2	0	
309	H	0	-1	0	-2	-2	0	-2	3	2	-3	0	-1	-1	1	1	3	0	1	-1	0	
310	G	1	6	-1	-4	-4	-4	-4	-4	-4	-4	1	-3	-4	2	-3	-3	-3	-4	-3	-3	
311	L	-1	-3	2	1	1	0	1	-2	-3	-2	-1	1	0	-1	0	-1	-1	0	-2	0	
312	R	1	-2	-1	-3	-1	-2	-4	-4	-2	-3	3	0	-3	0	2	-2	0	2	0	0	
313	R	1	-2	-2	-2	0	-2	1	-2	-2	-3	0	2	1	-1	0	4	1	1	-2	1	
314	H	2	-1	-4	-3	-3	-3	-3	-4	-3	-3	0	-2	-1	-1	3	7	2	0	-2	-1	
315	T	1	-2	-1	-3	-1	-2	-3	-3	-1	-3	3	3	1	0	-2	1	-2	-2	1	0	
316	V	1	-1	2	0	4	0	3	-3	-4	-2	-1	-2	2	-4	-3	-3	-3	-4	-4	-4	
317	R	-2	-3	0	-1	-1	-2	-3	4	-3	-3	-1	2	-2	0	3	1	1	3	-2	1	
318	L	-1	-3	2	2	2	3	-1	-3	3	-2	-1	1	-2	-2	-2	-3	-2	-2	-3	-2	
319	S	0	0	-1	-2	-1	-2	-3	2	-2	-3	1	2	-2	0	0	1	1	0	0	1	
320	R	-2	-3	-1	-1	1	-2	-2	-3	1	-3	-1	-2	0	-2	2	1	2	3	-2	2	
321	K	0	-2	-2	-1	-1	0	-3	-3	1	-3	0	-1	-2	-1	1	1	3	2	-1	2	
322	N	0	0	-2	-2	0	-2	-1	-3	1	-3	0	-1	-2	1	0	-1	1	1	1	2	
323	P	0	-2	0	-1	-1	1	-3	-3	6	-3	-2	-2	-3	-2	0	-2	0	-2	0	1	
324	I	0	-2	2	1	2	1	-1	-2	1	-2	-1	0	-2	-2	-2	-2	-2	-2	-1	-1	
325	D	-1	-1	-1	-2	-1	0	-3	-3	4	-3	1	0	-3	-1	-1	-2	-1	-2	4	2	
326	H	-1	0	-2	-2	-2	0	1	-2	0	2	0	0	2	1	-1	4	-1	0	1	-1	
327	H	-1	-1	-1	-2	0	-2	2	-2	-1	-3	0	0	2	0	0	4	0	1	0	-1	
328	S	1	-2	-2	-2	0	-2	-3	-3	3	-2	2	1	-2	-1	0	-2	0	1	0	0	
329	I	0	-3	2	1	2	1	1	3	-3	-2	-1	0	1	0	-2	-2	-1	-2	-1	-2	
330	Y	-1	-1	-2	0	0	-2	0	0	-3	-3	-1	0	6	-2	-2	2	-2	-2	-3	0	
331	C	-1	-3	1	2	1	1	-1	-2	-2	5	-1	1	0	-2	-2	-2	-2	-1	-3	-2	
332	I	1	0	1	2	2	1	-2	-3	-3	-2	0	0	-2	0	-1	-2	-2	-2	-2	1	
333	I	0	1	4	1	1	1	-2	-3	-3	2	0	0	-2	-3	-3	-3	-3	-3	-3	-3	
334	A	3	4	0	0	1	-2	-2	-3	-3	-2	-1	-2	0	-2	-3	-3	-2	-3	-3	-3	
335	V	-1	2	3	1	1	1	1	-2	0	1	-1	1	-1	-2	-2	-3	-2	-3	-3	-3	
336	C	1	0	0	1	0	1	1	-1	-2	4	-1	0	2	-2	-2	-2	-2	-2	-3	-2	
337	S	2	1	0	0	0	0	0	-2	-1	3	2	0	-1	-1	-1	-2	-1	-2	-2	-1	
338	V	1	-2	2	1	2	0	0	-2	-2	1	-1	2	-1	-2	-2	-3	-2	-2	-3	-2	
339	F	0	1	1	2	1	0	4	-1	-3	-2	-1	-1	0	-2	-2	-2	-2	-2	-3	-3	
340	L	0	-1	1	3	2	1	2	-2	-3	1	-2	0	-1	-3	-2	-3	-2	-3	-3	-3	
341	M	0	-3	1	3	1	3	3	-2	-3	-2	-1	-1	-1	-3	-2	-3	-3	-3	-4	-3	
342	L	1	-3	2	3	2	1	1	-2	-3	1	-2	0	-1	-3	-2	-3	-3	-3	-4	-3	
343	I	0	-3	4	2	3	2	-1	-3	-3	3	-2	0	-2	-3	-3	-3	-3	-3	-4	-3	
344	N	1	0	1	1	2	1	-2	-3	-2	-1	1	1	-2	0	-2	-2	-2	-2	-2	-2	
345	V	-1	-3	1	1	3	1	0	-3	-3	5	0	0	-2	-3	-3	-3	-3	-3	-4	-3	
346	L	-1	-2	2	3	1	3	-1	-3	-3	2	-1	0	-2	-3	-2	-3	-3	-3	-4	-3	
347	V	0	-2	3	0	4	0	-1	-3	-3	3	-2	0	0	-3	-3	-3	-3	-3	-3	-2	
348	I	-1	-1	2	0	3	0	1	-2	-3	2	-1	0	2	-3	-3	0	-3	-3	-3	-3	
349	I	-2	-4	4	1	2	0	0	-3	-3	1	-2	0	0	-3	-2	0	0	-2	-3	-3	
350	L	-2	-4	0	1	0	2	3	-1	-4	4	-3	-1	5	-3	-3	2	-3	-3	-4	-3	
351	K	-1	-3	-1	-1	-1	1	-2	-3	-3	1	-1	-2	1	1	0	3	3	2	-2	-1	
352	M	-1	-1	1	1	2	3	-1	2	-3	3	-1	0	0	-2	0	-2	-1	1	-3	-2	
353	F	-2	-3	-1	1	0	3	5	3	-3	2	-2	-2	4	-3	-2	1	-3	-2	-3	-3	
354	W	-2	-1	-3	-3	-3	-2	-1	9	-3	-3	-2	-2	2	-1	-1	2	3	1	-3	-2	
355	I	-1	-3	3	2	2	3	1	-2	-3	2	-2	-1	1	-3	-2	-3	-3	-3	-4	-3	
356	E	-1	-2	-3	-3	-3	-2	-3	-3	0	-3	-1	-1	-2	0	1	3	1	0	3	3	
357	A	0	0	2	2	1	3	-1	-3	-3	-2	0	-1	-2	0	-2	-2	-2	-2	-2	-2	
358	T	0	-3	0	0	3	3	-2	-3	-2	-2	-1	1	-2	-2	-1	-2	1	1	-3	-2	
359	L	-2	0	0	4	0	2	2	3	-3	-2	-2	-2	-1	-3	-2	-3	-3	-3	-3	-3	
360	L	-1	-3	-1	2	-1	2	4	6	-3	3	-2	-2	0	-3	-2	-2	0	-2	-3	-2	
361	W	-3	-3	-3	-2	-2	-2	2	8	-3	3	-2	-2	6	-3	-2	-1	0	-2	-4	-3	
362	R	0	-3	-2	1	-2	-1	-1	-2	-2	-3	0	-1	3	-2	-1	-1	0	5	-2	-1	
363	D	0	-2	-3	-3	-2	-2	-3	3	-2	-3	1	0	-1	2	3	3	-1	0	3	0	
364	I	1	-2	0	0	-1	-1	2	-1	-2	-2	0	0	2	-1	-1	3	-1	-1	0	-1	
365	A	1	-2	-2	-2	-1	0	3	-2	-2	2	0	0	0	-1	2	-2	1	1	0	-1	
366	K	0	3	-3	-2	-3	-2	-2	-3	-2	-3	1	0	1	1	-1	3	1	1	-1	0	
367	P	0	1	-3	-3	-3	-3	-4	-4	4	2	0	1	-3	-1	-1	-2	2	2	0	-1	
368	Y	-1	-2	-1	-2	-1	-2	0	4	-2	-3	-1	-1	1	-1	0	-1	1	2	3	2	
369	K	-1	-3	-2	-2	-1	-2	-2	-3	-2	-4	-1	-1	1	-1	2	-1	3	1	2	3	
370	T	2	-2	-1	0	0	-1	-2	-3	0	-2	0	3	0	-2	-1	-2	0	-1	-2	0	
371	R	-1	-1	1	0	-1	1	-2	-3	4	-3	-1	-1	-2	0	0	-2	-1	2	1	-1	
372	N	-1	2	-2	-1	-1	1	-3	-3	-2	-1	1	1	-2	2	-1	-1	-1	1	1	0	
373	D	-2	-1	-3	-1	-3	-3	-4	-5	-3	-4	-1	-2	-4	0	-1	-2	0	2	6	1	
374	G	-1	4	-4	-4	-4	-3	-4	-4	-1	-4	-1	-2	-3	2	-1	-2	0	-2	2	2	
375	K	-2	-3	0	-2	-1	-2	-3	-4	-2	-4	0	-2	-3	-1	2	-2	5	1	-2	0	
376	L	-2	-3	0	2	-1	-1	-2	-3	-3	6	-1	1	-3	-2	-1	-3	-1	-2	1	1	
377	Y	-3	-4	-2	-2	-2	-2	4	1	-4	-4	-3	0	8	-3	-3	0	-3	-3	-4	-4	
378	D	-3	-3	-5	-5	-5	-4	-5	-6	-3	-5	-2	-2	-4	0	1	-2	-2	-3	7	0	
379	A	5	-1	0	-2	-1	-2	-3	-4	-2	-2	0	1	-3	-3	-2	-3	-2	-3	-3	-2	
380	Y	-3	-4	-2	-2	-2	-2	6	5	-5	-4	-3	-3	7	-4	-3	-1	-4	-3	-5	-4	
381	V	-1	-4	3	1	5	0	-2	-4	-3	-2	-3	-1	-2	-4	-3	2	-3	-3	-4	-3	
382	V	0	-2	1	1	-1	-1	-2	-4	-2	-2	4	0	-3	-1	-1	-2	-1	0	-2	-2	
383	Y	-3	-5	-2	-2	0	-2	2	1	-5	-4	-3	-3	9	-4	-3	0	-3	-3	-5	-4	
384	P	1	-1	-2	-1	-2	-2	-2	-2	5	-2	1	0	-2	-1	-1	-2	-1	1	-1	-1	
385	R	-1	-2	-3	-2	-2	-2	-3	-2	-1	-3	-1	-1	-2	0	1	-1	4	3	1	2	
386	N	-1	-1	-1	-1	0	-1	-2	2	0	-2	1	2	-1	2	1	0	-1	-1	1	1	
387	Y	-1	-2	-1	0	0	-1	2	3	-1	0	0	0	3	-1	-1	1	0	1	1	-1	
388	K	-1	1	-2	-2	-2	-1	-2	2	2	-2	0	-1	-1	1	2	-1	2	1	0	1	
389	S	0	0	-1	-2	-1	-1	-2	-2	1	-2	0	0	-1	0	2	-1	0	1	1	2	
390	S	0	1	-2	-2	-2	-1	-1	2	-1	-2	1	0	0	0	2	-1	0	-1	0	2	
391	T	1	0	-1	0	-1	0	-1	1	-1	-1	1	2	-1	1	0	1	-1	-1	-1	-1	
392	D	0	0	-1	-1	-1	-1	-1	-1	0	-1	0	0	-1	0	1	-1	1	1	1	0	
393	G	0	2	-1	-1	-1	0	-1	-1	0	-1	0	0	-1	0	0	1	0	1	1	1	
394	A	0	-1	-1	-1	0	-1	0	-2	-1	-1	2	1	-1	2	0	1	-1	-1	-1	0	
395	S	1	1	-1	-1	0	-1	-2	-2	-1	-1	2	1	-1	0	1	0	0	-1	1	1	
396	R	-1	-1	-2	-2	-2	-1	0	-2	-1	-2	1	-1	0	0	2	-1	1	3	1	2	
397	V	-1	-2	0	0	1	-1	1	-2	-2	0	-1	-1	-1	-1	0	-1	-1	-1	3	3	
398	E	-1	-2	-3	-3	-3	-2	-3	-3	-2	-3	0	-1	-2	-1	1	2	0	-1	3	5	
399	H	0	-2	-1	-1	-2	-1	-1	-2	-2	-2	-1	1	2	0	0	5	-1	1	1	1	
400	F	-3	-4	-1	1	-2	-1	7	7	-5	-3	-4	-3	2	-4	-4	-3	-4	-4	-5	-4	
401	V	2	-2	2	0	5	0	-2	-3	-2	-1	-1	-1	-2	-3	-2	-3	-2	-3	-3	-3	
402	H	-2	-2	-1	2	0	0	1	-2	-3	-3	-1	-1	-1	4	-1	2	-1	-2	-1	1	
403	Q	-2	-2	-2	-1	-2	-2	1	-2	-2	-3	0	-1	0	2	2	0	1	0	0	3	
404	I	-2	-4	4	3	1	1	-1	-3	-3	-2	-2	1	-2	-3	-3	-3	-3	-3	-3	-2	
405	L	-2	-4	1	4	1	3	1	-2	-4	-2	-3	-2	-1	-4	-3	-3	-3	-3	-4	-3	
406	P	0	-3	-2	-3	0	-2	-4	-4	7	-3	-1	-2	-3	-3	-2	-3	2	0	-2	-2	
407	D	-2	0	-4	-4	-3	-3	-4	-4	2	-4	-1	-1	-3	2	3	-1	0	0	3	2	
408	V	-1	-3	1	2	3	3	-1	-3	-3	-2	-2	0	-2	-3	2	-2	-2	-2	-3	0	
409	L	-2	-4	0	5	0	1	-1	-2	-3	-2	-3	-2	-2	-3	-2	-3	-2	-2	-3	1	
410	E	-2	-3	-4	-4	-3	-3	-4	-4	-2	-4	-1	-2	-3	-1	1	1	1	-1	0	6	
411	N	-1	2	-4	-3	-3	-2	-4	-4	-2	-4	-1	-1	-2	3	1	1	3	2	0	1	
412	K	-1	-2	-3	-3	-1	-2	-3	-3	0	-3	0	0	-2	2	3	4	2	1	1	1	
413	C	-2	-1	-1	-2	-2	-2	3	-1	3	5	-2	-2	4	-2	0	1	-2	0	-1	-1	
414	G	-1	5	-5	-4	-4	-4	-4	-4	4	-4	0	-2	-4	-2	-2	-3	-1	-1	-1	-2	
415	Y	-3	-5	0	-2	-2	0	5	1	-4	-4	-3	-3	8	-4	-3	0	-3	-3	-5	-4	
416	T	-2	-3	-3	-2	-3	-2	-4	-4	-2	-4	-1	-1	-3	-1	3	-2	5	3	-2	0	
417	L	-3	-5	2	5	0	1	-1	-3	-4	-2	-4	-2	-2	-5	-3	-4	-4	-3	-5	-4	
418	C	-2	-4	-2	-2	-2	-2	5	-2	-5	9	-3	-3	-1	-4	-5	-4	-5	-5	-5	-5	
419	I	-2	-5	5	4	1	1	-1	-3	-4	-2	-3	-2	-2	-4	-3	-4	-4	-4	-4	-4	
420	Y	-3	-3	-3	-1	-3	-2	3	-1	2	0	-2	-3	4	-2	-1	6	-2	-2	-1	0	
421	G	-2	2	-4	-4	-3	-3	-2	-3	-2	-4	-1	-2	2	-1	1	-1	1	-1	4	3	
422	R	-3	-4	-5	-4	-4	-3	-4	-4	-4	-5	-1	-2	-3	-2	0	-2	1	7	-3	-2	
423	D	-3	-3	-5	-5	-5	-4	-4	-5	-3	-5	-2	-2	-1	2	-2	-2	-2	-3	7	0	
424	M	-2	-3	0	2	1	1	4	2	-3	-2	-1	-2	0	-3	-2	-2	-3	-3	0	0	
425	L	-1	-3	3	2	2	0	2	-2	-1	-2	-2	-1	2	-1	-3	-2	-3	-3	-1	-3	
426	P	-2	-4	0	-3	1	-3	-4	-5	8	-4	-2	-2	-4	-4	-3	-4	-3	-4	-3	-3	
427	G	-1	6	-4	-4	-4	-3	-4	-4	-3	-3	0	1	-4	0	-2	-3	-2	1	-2	-3	
428	E	1	3	-3	-3	-1	-2	-4	-3	-2	-3	0	-1	-3	-1	2	-2	2	-1	-1	2	
429	D	1	-2	0	-2	0	-2	-1	6	-2	-2	1	1	2	-1	-1	1	-2	-2	2	1	
430	V	-1	-4	4	0	3	0	0	-2	1	-2	-2	0	3	-3	-3	-2	-3	-3	-4	-3	
431	V	2	-2	3	-1	2	-1	-2	-3	1	-2	1	1	-2	-2	-2	-3	-2	-3	-3	-2	
432	T	1	-2	-3	-4	-3	-3	-4	-4	-2	-3	0	0	-3	0	0	-1	-1	-1	4	4	
433	A	0	-2	0	-2	1	-2	-3	-4	-2	0	-1	0	-3	3	-1	-2	-1	-2	3	1	
434	V	-2	-4	5	2	3	0	-1	-3	-3	-2	-2	1	-2	-4	-3	-4	-3	-3	-4	-4	
435	E	-1	-3	2	1	1	1	-1	-3	-2	-2	-1	0	-2	1	0	1	-1	-2	1	0	
436	T	-1	-2	-2	-3	0	-2	-3	-3	-2	-3	2	0	-2	1	1	-1	0	2	2	3	
437	N	0	0	0	-1	-2	-2	2	-3	-3	4	2	-1	-1	3	-2	-2	-2	-2	-1	-2	
438	I	-1	-4	5	1	3	0	1	-3	-3	-2	-3	-1	-2	-4	-3	-4	-3	-3	-4	-4	
439	R	-1	-2	-4	-3	-3	-2	-4	-3	-2	-4	1	-1	-2	-1	2	2	3	1	2	4	
440	K	-2	-2	-3	-1	-3	0	-3	-4	-2	-4	0	-1	-3	0	2	-1	4	3	0	0	
441	S	1	-2	-3	-4	-3	-3	-4	-4	-2	5	5	0	-3	-1	-2	-2	-2	-2	-2	-2	
442	R	-3	-3	-4	-3	-4	-3	-3	-3	-3	-4	-2	-2	2	-2	0	3	3	6	-3	-1	
443	R	-2	-3	-4	-4	-4	-3	-4	-4	-3	-5	-2	-2	-3	-2	1	-1	4	6	-2	-1	
444	H	-1	-1	0	3	0	0	0	-3	-3	-2	0	2	-1	-2	0	0	-2	-2	-3	-2	
445	I	-2	-5	6	1	3	2	-1	-4	-4	-2	-3	-2	-2	-4	-4	-4	-4	-4	-4	-4	
446	F	-2	-4	3	1	3	1	5	-2	-4	-2	-3	-2	0	-4	-4	-3	-4	-4	-4	-4	
447	I	-2	-5	3	0	5	0	0	-4	-4	-2	-3	-1	-2	-4	-4	-4	-4	-4	-4	-4	
448	L	-2	-5	1	5	2	3	-1	-3	-4	-2	-3	-2	-2	-4	-3	-4	-3	-3	-5	-4	
449	T	1	-2	-2	-3	0	-2	-3	-4	-2	-2	5	2	-3	-1	-1	-2	-1	-2	-2	-1	
450	P	-2	-3	-4	-4	-3	-3	-4	-4	6	-4	-1	-2	-3	-2	2	-2	1	0	1	2	
451	Q	0	-2	-4	-4	-3	-3	-3	-4	-2	-3	1	-1	-2	5	0	4	-1	-1	1	1	
452	I	-2	-4	0	-1	1	2	6	0	-4	-3	-3	-1	5	-3	-3	-1	-3	-3	-4	-3	
453	T	-1	-1	3	2	3	2	-1	-3	-3	-2	-1	0	-2	-3	-2	-3	-2	-1	-3	-3	
454	H	-1	-1	-1	-1	0	-1	-2	-2	-2	-2	1	0	1	-1	3	2	2	1	-1	0	
455	N	-1	0	-3	-3	-3	-2	0	-3	-2	-3	3	0	-2	3	-1	-1	0	3	-1	-1	
456	K	0	0	-3	-2	-2	-2	-3	-3	1	-3	1	0	-2	-1	0	-1	1	2	0	3	
457	E	-1	2	-4	-3	-4	-3	-2	10	1	0	-1	-3	0	-3	0	-3	-3	-3	-3	0	
458	F	0	-3	-2	-1	-1	-2	3	6	-3	7	0	-2	-1	-3	-3	-3	-3	-1	-4	-3	
459	A	0	0	0	-1	-1	-1	-2	-3	-2	-2	2	0	-2	-1	-1	3	1	2	-2	-1	
460	Y	-3	-4	-1	1	-2	-1	5	3	-4	-3	-1	-2	5	-3	0	1	-3	-1	-4	-3	
461	E	-2	-3	-5	-4	-4	-3	-5	-4	-2	-5	1	-2	-3	-2	1	-2	-1	-2	0	7	
462	Q	-2	-4	0	3	-1	0	3	-1	-3	-3	-3	-2	2	-3	1	-2	-2	-2	-3	1	
463	E	-2	-3	-4	-3	-3	-2	-2	-3	-2	-4	-1	-2	2	-1	3	-1	2	2	2	3	
464	V	1	-2	2	-1	0	-1	3	-2	-2	-2	1	1	0	-2	-2	-2	-2	-2	-2	0	
465	A	4	2	-3	-3	-2	-2	-3	-4	-2	-2	1	-1	-3	-2	-1	-2	-1	2	-2	-2	
466	L	-2	-4	1	3	1	1	-1	-3	-3	-3	-3	-2	-1	-2	0	6	-2	-2	-3	-2	
467	H	-2	-3	-3	-2	-2	-2	2	-1	-3	-3	-1	0	3	1	0	6	-1	2	-2	0	
468	C	-2	-2	-3	-1	-3	-2	-3	3	-3	4	1	-1	-2	5	-1	-1	-1	2	0	0	
469	A	3	-2	-1	2	0	3	-2	-3	-2	-2	0	-1	-2	-2	0	-2	-1	1	-3	0	
470	L	-1	-4	0	4	-1	1	4	-2	-4	-2	-3	-2	0	-4	-3	-3	-4	-3	-5	-4	
471	I	-1	-3	2	1	3	0	-2	-3	-3	-2	-1	-1	-2	0	-2	2	-2	-1	2	-2	
472	Q	-1	-2	-4	-3	-3	-2	-4	-4	-2	-4	1	0	-3	-1	3	-1	1	1	2	4	
473	N	-1	3	-3	-1	-3	-2	-3	-3	-3	-3	0	-1	-3	3	1	0	-1	2	1	0	
474	D	-1	2	-3	-3	-3	-2	-4	-4	-2	-3	1	1	-3	3	0	-1	1	2	1	1	
475	A	0	-3	3	0	0	2	-2	-3	-3	-2	0	-1	-2	0	-1	-2	0	1	2	-1	
476	K	0	0	-3	-3	-2	-2	-4	-4	-2	-3	0	-1	-2	2	0	1	4	3	-2	-1	
477	V	1	-3	3	2	4	0	-1	-3	1	-2	-2	-1	-2	-4	-3	-4	-3	-3	-4	-3	
478	I	-2	-5	7	0	2	0	-1	-4	-4	-2	-4	-2	-3	-5	-4	-5	-4	-4	-5	-5	
479	L	-3	-5	1	5	1	1	3	-2	-4	-2	-3	-2	-1	-4	-3	-4	-4	-3	-5	-4	
480	I	-2	-5	6	1	2	0	-1	-4	-4	-2	-4	-2	-3	-5	-4	-5	-4	-4	-4	-4	
481	E	-2	-3	0	2	0	0	-2	-3	-2	-3	-1	1	-2	-2	1	-2	0	-1	-1	4	
482	M	-2	-4	0	3	-1	2	4	-1	-3	2	-3	-2	3	-3	-3	-2	-3	-3	-4	-3	
483	E	0	0	-3	-3	-2	-2	-3	-3	-2	2	0	0	-2	-1	1	1	1	-1	0	4	
484	A	0	1	-3	-3	-2	-2	-3	-3	5	-3	0	-1	-1	-1	-1	-2	2	0	1	0	
485	L	-1	-3	3	2	2	1	1	-2	-3	2	-2	-1	-1	-3	0	-3	-2	-2	-3	-2	
486	S	-1	1	-3	-3	-3	-2	-3	-3	3	-3	1	0	-2	-1	2	-1	1	1	0	2	
487	E	-2	-2	-3	-3	-2	-2	-3	-3	-2	-3	-1	-1	-2	0	3	-1	2	2	3	3	
488	L	0	-2	0	0	0	0	1	-1	-2	-2	0	0	3	-1	0	0	1	0	0	0	
489	D	1	-1	-1	-1	-1	-1	-2	-2	2	-2	1	1	-2	1	0	-1	1	1	1	0	
490	M	0	0	2	1	1	1	1	-1	-1	1	-1	-1	1	-2	-1	-1	-1	0	-2	-2	
491	L	-1	-1	0	0	-1	0	-1	-1	3	-2	-1	-1	0	-1	1	2	0	1	-1	-1	
492	Q	-1	-1	-2	-1	-1	1	-2	-2	2	1	0	-1	-1	0	3	-1	0	0	0	2	
493	A	1	-1	0	-1	1	-1	-1	-2	2	-1	0	0	-1	1	0	-1	0	1	-1	-1	
494	E	-1	0	-1	0	-1	-1	2	-1	1	-2	0	-1	1	-1	1	-1	0	-1	0	3	
495	A	0	-1	-2	-2	-1	-1	-2	-2	-1	3	1	1	-1	0	1	-1	1	1	0	1	
496	L	-1	-2	1	3	0	3	0	-1	-2	-1	-1	-1	-1	-1	-1	-2	-1	0	-2	0	
497	Q	-1	-2	-1	0	0	-1	-1	-2	4	-2	-1	-1	2	-1	2	-1	0	-1	1	0	
498	D	-1	-2	-2	-2	-1	0	-2	-2	0	-2	-1	-1	0	0	1	3	0	1	2	3	
499	S	0	-2	-2	-1	-2	-2	-3	-3	-2	-2	3	0	-2	0	2	-1	2	0	1	1	
500	L	-2	-4	3	4	1	2	0	-3	-4	-2	-3	-2	-1	-4	-3	2	-3	-3	-4	-3	
501	Q	-2	-3	-4	-3	-3	-2	-3	-3	-2	0	-1	-2	1	-1	3	-1	5	4	-2	0	
502	H	0	-2	-3	-2	-2	-2	1	-2	-2	1	-1	-1	2	-1	0	6	2	2	-2	-1	
503	L	0	-3	3	3	0	0	0	-2	-3	-2	-2	0	2	-2	-3	-2	-3	-3	-3	-3	
504	M	-2	-3	2	3	1	4	-1	-3	-3	-2	-2	-1	-2	-3	-1	-2	1	1	-3	-2	
505	K	-1	-2	-3	-3	-2	-2	-3	-3	-2	-3	1	2	-2	2	3	-1	3	2	-1	1	
506	V	-1	-3	1	1	1	1	-2	-3	-2	-2	0	2	-2	-1	0	-2	2	1	-2	-1	
507	Q	-1	-2	-1	1	-1	0	-1	-2	-2	-2	0	-1	0	2	1	4	1	1	-1	-1	
508	G	0	3	-2	-2	-2	-2	-3	-3	1	-2	1	4	-3	0	-1	-2	-1	0	-2	-2	
509	T	1	-3	0	-1	2	-1	0	-1	-2	2	-1	2	5	-2	-2	-1	-2	-2	-3	-2	
510	I	-2	-5	4	4	2	1	-1	-3	-4	-2	-3	-2	-2	-4	-3	-4	-4	-4	-4	-4	
511	K	-2	-3	-3	-1	-2	-2	-3	-3	-2	1	-1	0	-2	-1	2	1	3	1	-1	3	
512	W	-5	-5	-5	-4	-5	-3	-1	12	-6	-4	-5	-5	0	-6	-4	-4	-5	-5	-6	-5	
513	R	-1	0	-3	-3	-3	-2	-3	-3	4	-3	0	-1	-2	0	0	0	2	2	1	0	
514	E	0	4	-3	-2	-2	-1	-3	-3	2	-3	-1	0	-3	-1	-1	-2	0	-1	2	1	
515	D	-1	1	-2	-2	-2	-2	-2	-3	0	-3	-1	-1	-2	0	0	-1	-1	-1	5	2	
516	H	-1	-1	-1	-1	-1	-1	2	-1	-1	-2	1	0	0	0	1	3	0	0	0	1	
517	I	0	0	0	-1	1	0	-1	-1	-1	-1	0	1	-1	-1	0	-1	0	-1	-1	0	
518	A	1	-1	-1	0	-1	-1	-2	-2	2	-2	0	0	-1	-1	2	0	1	0	-1	2	
519	N	-1	1	-3	-2	-2	-2	-3	-2	0	-2	0	-1	-2	1	3	1	2	1	1	0	
520	K	0	-1	-2	-2	-2	-1	-2	-2	2	2	2	0	-2	0	1	-1	2	1	-1	1	
521	R	-1	-1	-1	-1	-1	0	-2	-2	1	-2	0	-1	-1	1	3	2	1	2	-1	0	
522	S	0	0	-1	-1	-1	-1	-1	-1	0	3	2	1	1	0	0	-1	1	0	-1	-1	
523	L	1	-1	0	1	0	1	-1	-1	3	-1	-1	-1	0	-1	-1	-1	0	-1	-1	-1	
524	N	0	0	-2	-2	-2	-1	-2	-2	-1	1	2	0	-1	3	1	0	2	0	0	0	
525	S	0	1	-2	-2	-2	-2	-2	-2	0	-1	3	2	-2	0	-1	-1	1	-1	-1	-1	
526	K	-1	0	-2	-1	-2	-1	-2	2	-2	-3	-1	-1	-2	-1	0	-1	3	4	1	0	
527	F	-4	-5	-2	-1	-2	-1	8	-1	-5	-4	-4	-4	2	-5	-5	-3	-5	-4	-5	-5	
528	W	-5	-5	-5	-4	-5	-3	-1	12	-6	-4	-5	-5	0	-6	-4	-4	-5	-5	-6	-5	
529	K	1	-2	-2	-1	-1	-2	-3	-4	-2	-3	-1	0	-3	-1	2	-2	5	2	0	0	
530	H	-2	-2	-4	-4	-3	-2	-4	-4	-2	-4	-1	-1	-2	4	3	3	2	2	0	1	
531	V	-2	-5	2	5	2	2	-1	-3	-4	-2	-3	-2	-2	-4	-3	-4	-3	-3	-5	-4	
532	R	-2	-3	-3	-2	-1	-2	-4	-4	-3	-4	-2	-2	-3	-2	4	-1	1	6	-3	-1	
533	Y	0	-3	-1	1	0	-1	3	0	-4	-3	-2	-2	6	-3	-3	0	-3	-3	-4	-3	
534	Q	3	-1	-2	-1	-2	-1	-3	-3	-2	-2	1	0	-1	-1	2	4	-1	-1	-1	1	
535	M	-2	-4	2	3	0	7	-1	-3	-4	-2	-3	-2	-2	-4	-2	-3	-3	-3	-4	-3	
536	P	-2	-3	-4	-4	-4	-4	-5	-5	8	-4	-2	-2	-4	2	-2	-3	-2	-3	-2	-2	
537	V	1	-2	2	1	4	0	1	-2	-2	-1	-1	-1	-1	-3	-2	-3	-2	-2	-3	-2	
538	P	-1	-1	-2	-2	-2	-1	-3	-2	4	-2	0	-1	-2	2	2	-1	2	1	-1	0	
539	S	0	-2	-1	-2	0	-1	-2	-3	-1	-2	0	0	-2	1	0	-1	2	3	-1	0	
540	K	-1	-2	-1	0	0	0	-2	-3	1	-2	-1	-1	-2	-1	0	-1	3	3	-2	-1	
541	I	2	-1	-1	-2	-1	-1	-2	-3	1	-1	2	0	-2	0	0	-1	1	0	-1	1	
542	P	-1	-3	-3	-3	-3	-3	-4	-4	7	-3	0	1	-3	-2	-2	-3	-2	-3	-2	-2	
543	R	-2	-3	-3	-1	-3	-2	-2	4	-2	-3	0	-1	-1	-1	0	1	3	5	-2	-1	
544	K	-1	-2	-3	-2	-2	0	-2	5	-2	-3	0	0	-1	-1	1	-1	2	3	1	2	
545	A	1	-2	-1	0	-1	2	-1	-1	-2	-2	1	0	2	-1	0	2	0	-1	-1	1	
546	S	0	-2	-2	-1	-2	-1	-1	-1	4	-2	2	0	3	-1	1	2	-1	-1	-1	1	
547	S	1	-1	-1	-1	0	-1	-2	-3	-2	-2	2	1	-2	1	0	1	-1	-1	0	2	
548	L	1	-2	1	3	1	1	-1	-2	-2	-1	1	0	-2	-2	-2	-3	-2	-2	-3	-2	
549	T	1	-1	-1	1	-1	0	-2	-3	2	-1	1	1	-2	-1	-1	-2	-1	-2	1	-1	
550	P	-1	-3	-3	-3	-3	-3	-4	-4	8	-3	-1	0	-3	-2	-2	-3	-1	-3	-2	-2	
551	L	0	-3	2	3	3	1	-1	-3	-3	-1	-2	-1	-1	-3	-2	-3	-2	-3	-4	-3	
552	A	1	-1	-1	1	-1	0	-2	-3	-2	-1	2	2	-2	-1	-1	-2	0	2	-2	-1	
553	A	1	3	-3	-3	-2	-2	-3	-3	-1	-2	2	0	-2	0	0	-1	1	-1	2	0	
554	Q	-1	-2	-3	-3	-2	-1	-3	-3	-1	-3	0	1	-2	0	3	-1	2	1	0	4	
555	K	-1	-2	-3	-3	-2	-2	-3	-3	-1	-3	0	-1	-2	0	1	-1	5	2	-1	1	
556	Q	-1	-2	-3	-3	-2	-1	-3	-3	-1	-3	0	-1	-2	0	4	0	1	1	1	4	
